3399
1018
4800
1306
4761
132
2958
4024
3822
2638
4251
4415
498
2418
1695
2022
493
2946
827
2591
2775
122
2872
2908
2988
3461
1301
72
1856
2873
428
861
4685
4509
3052
2575
3980
650
3937
161
2086
188
2097
491
4478
3022
2423
3344
2007
3619
1187
65
1977
1044
370
4861
3385
16
2519
396
1060
4934
1098
3695
1693
1327
876
344
1986
1942
3923
4646
187
2478
4231
682
2346
36
2779
4230
3490
488
126
3052
1756
4320
246
3416
241
3969
2377
3585
1956
4314
2124
642
2799
1786
3891
248
930
1496
4019
4828
3242
896
2671
4259
911
2753
2582
4335
1150
4628
4288
2149
1370
1629
351
4089
4907
3940
378
1299
4380
520
4362
4308
4512
399
3972
3044
937
3208
4951
560
137
930
3694
3669
3125
3379
2430
1092
1927
578
146
4880
3229
1022
564
3648
2761
825
4015
1577
2153
4846
2014
233
1988
2217
1716
1029
774
124
2184
4512
4357
1321
607
3757
4076
2587
4141
2835
4635
3292
2096
2729
4187
284
3532
1057
4660
2559
2168
3688
4684
1544
3685
643
795
404
154
699
4772
3426
2301
3740
1053
4455
2780
2239
3212
1315
2436
3186
2348
1355
1799
4431
3092
1555
1675
4667
4636
139
4763
4230
4829
254
4693
4462
4924
77
4722
1660
992
2673
617
2501
378
3009
920
1429
2824
3824
2871
1681
1037
1436
3770
504
4575
2185
426
659
3852
4897
3674
4474
2999
4679
631
3558
1049
3386
4475
1789
644
2290
59
1322
2053
2848
3604
1210
2779
1992
1027
651
4461
3999
2219
4038
4093
1859
2732
2737
796
2016
4874
3968
2513
2513
2174
256
4044
847
4550
3647
3759
4307
1282
2320
1197
2168
55
3257
1500
873
2937
3350
299
258
4140
2728
4229
950
4801
3069
2736
305
1842
386
1207
1619
1138
1087
3745
3924
4885
2136
1105
2349
4044
765
401
1894
4169
1512
3200
494
1779
3338
2545
386
3656
2163
2229
143
3099
4482
3416
3215
212
619
4287
2452
2792
1795
2959
3866
186
3415
2358
1873
4829
2898
3052
2323
4795
3909
1358
3909
803
109
138
2976
2609
361
3801
1292
2592
3901
2012
1114
3681
3133
3441
1738
4417
3594
1732
1784
1138
59
516
1661
716
1
2910
1021
2264
343
3457
1499
2522
970
1855
744
2395
3556
3156
4540
1254
2042
3325
4805
1157
1563
2190
2403
114
669
2858
4989
1874
2468
2577
1557
4504
3713
4934
1970
1166
1899
1960
1525
4141
4175
2449
2491
2063
3231
4304
1678
802
4359
4237
294
169
4561
2499
4745
1865
3933
3641
4575
3693
1531
1450
1454
1080
2596
2353
961
4379
1322
1545
1931
4245
3298
31
1309
2650
4408
3596
763
3700
3228
1409
4818
1513
1896
2630
3864
1841
1034
3912
4246
19
2537
4126
1538
49
4957
4997
2239
3345
4743
2585
3393
733
2870
4715
4039
2776
184
3519
1983
1408
1399
230
4107
161
1803
1248
3338
965
2603
288
409
2625
336
1099
3775
4595
2907
3866
1402
4602
4651
880
3623
3
254
3501
1982
480
2512
2741
4765
3870
1680
21
911
2411
4581
2783
150
3718
4768
1686
3495
4092
747
2033
4650
1613
2688
1961
4543
2562
4116
3637
2918
2384
3778
1412
2852
1317
4246
2401
1148
271
2884
479
4765
4294
2442
4030
865
4199
2902
1086
554
1530
3224
2682
4154
3076
1233
1353
3647
3535
2266
1704
965
3822
2112
3888
3987
2691
2416
3659
389
1029
2021
4384
3017
1222
608
2007
4054
3436
1631
3542
4078
1540
4763
3057
1030
3658
3987
1517
3237
1013
1007
3049
4893
3819
4900
414
1808
4454
2775
1486
4835
1042
2738
1545
3089
3895
4662
3066
3975
2947
1086
446
2091
1432
68
1848
4254
4606
3975
3897
3269
2192
2997
2493
3569
4609
4640
4418
2523
740
579
4705
2030
4186
15
4001
1005
455
4146
3242
497
4544
4413
43
4479
1689
2955
2092
782
3862
2116
2738
3276
758
873
2690
3158
1599
4813
4400
4091
3062
2622
2294
3084
4063
1103
2471
1158
4886
2409
4867
279
1400
1522
4189
573
4686
4020
3087
4531
2437
3793
2160
2768
910
2721
1360
3917
52
4261
1325
4424
4647
528
921
2287
996
2722
4056
2333
1669
2704
4419
4192
351
4098
1365
2981
4652
4547
3571
1628
2029
1671
4481
2870
2637
3801
4770
3254
3020
2821
2259
848
1031
281
3742
2970
279
4497
1186
4974
1688
542
1636
1002
461
1850
944
2675
3888
1669
1132
1889
3900
4760
4794
4226
3253
4521
2464
24
531
3203
257
812
1896
3015
446
4623
1671
3656
1824
4707
4377
2284
4865
2292
2831
18
3697
319
234
4779
2879
1567
3993
3740
1794
1137
167
4659
3248
83
22
4118
500
3844
4167
2050
3544
1257
143
968
913
2112
1131
4995
2676
3642
1655
3131
3562
3857
780
3193
2365
2336
4308
2520
4848
1964
4919
3840
2417
3089
3024
4661
2684
4758
1345
1174
920
1018
2880
2939
3078
3737
4953
2539
1711
2054
1535
8
652
2340
1839
59
2750
1531
524
1061
2325
766
3454
3256
239
557
3097
4939
4655
3116
4105
4186
4619
2054
2520
252
1575
4377
1360
2929
797
4627
1033
12
520
1015
156
2519
1227
3640
867
4442
1169
200
2649
3641
1686
155
12
2950
2300
3933
2130
675
893
4627
1660
2461
3492
590
538
1926
1298
3489
2491
561
4671
2655
378
3122
4682
3040
1236
3176
2725
667
3096
4495
2417
1262
190
2717
683
4635
2208
3061
1497
4476
3594
3929
1199
466
739
2889
3722
1968
3079
876
2325
142
3767
2479
1622
2987
1575
4778
4813
703
3126
4558
1004
1764
3384
3662
1434
3268
2570
4879
1230
2436
4320
1030
49
4650
2944
2868
581
2022
2114
1990
3429
300
3170
3184
338
858
3493
1585
55
3629
4092
3532
2423
1111
612
1242
1384
2956
3480
317
1729
296
777
579
2326
3614
1758
4961
491
2917
4616
3001
2922
3980
4231
4964
3324
4635
4136
4819
449
447
1890
55
2774
4613
3346
3824
2455
2608
4078
0
1515
2918
350
4534
2448
1173
2566
1905
3536
1149
1113
3578
1243
2390
2856
1101
2951
651
1313
4909
3194
3981
4747
929
273
3997
3942
816
2797
3877
469
3026
2286
1600
1611
935
3414
4260
4938
930
2870
1625
3711
2715
1100
4679
3933
1083
3381
2573
4861
3053
2766
4274
2239
1585
2475
4208
2326
2050
4176
4369
63
255
1461
3690
1322
1096
4508
3943
2282
4853
2571
87
3394
3736
477
1772
1297
4523
3737
1644
4276
4040
4243
239
577
2814
4761
1457
3932
3407
611
2098
2171
3842
973
3449
2678
3047
246
2698
2743
4431
1754
1794
3587
553
1899
1451
3940
1315
2523
3174
2577
315
2879
2545
4133
3739
67
2526
3880
3702
3263
1195
4838
3025
2315
4168
4804
1227
578
2928
1362
1958
4924
1440
4966
163
2946
4688
3486
3051
3294
4274
1432
2299
4931
2771
3218
1036
4868
320
2417
2809
1570
3870
2941
1160
2830
1529
3503
2429
2336
1735
3478
1112
3580
4338
1520
1413
3015
3229
2898
673
1571
2852
2530
4952
4735
3796
3110
4410
1403
667
1598
1043
639
3614
2526
4007
3261
3223
3257
2988
1938
1938
4377
3055
4075
3844
2853
4997
1329
3426
1452
3393
3014
2847
202
595
3026
1449
4331
3319
1166
369
3221
4793
4880
4660
1398
4269
1540
4811
464
2224
4335
4345
201
3784
1724
36
2752
4714
1207
1321
946
3850
2837
721
295
2973
1520
2398
4179
4945
4629
1509
3011
3396
2893
2692
965
2374
2833
1840
2948
2139
3211
1277
98
2724
1153
4635
3993
4973
568
3978
3168
4521
1483
3198
292
2577
3735
3304
4505
3421
2227
1995
1059
2270
3612
1801
4326
3514
834
3206
695
3354
2436
1330
4628
2582
2914
2189
4398
4548
3702
2067
3615
385
1536
1250
683
3207
2066
1210
739
302
1591
2368
3499
2296
3684
2693
616
929
313
771
2856
2303
3763
405
411
443
1336
2495
4149
1581
4278
3697
1455
2828
894
341
2590
4794
1112
188
2169
1289
1026
3852
448
443
1114
2150
590
446
901
222
993
4677
783
3971
1037
119
3634
4278
4345
4840
4605
4496
742
4811
2188
1914
1640
2460
2253
4236
3474
4206
4245
2653
191
1651
147
3733
3470
1262
2144
3193
3574
116
4117
590
4215
748
264
115
1813
1221
1151
3951
2888
2279
3449
1132
3081
1847
4469
1423
2496
3217
1349
516
4611
1962
2411
4745
32
2983
4790
620
1725
3148
2875
1687
178
1641
1531
2616
166
4504
1300
2982
370
1819
28
861
3162
671
1422
4283
4270
4306
1060
1521
878
2897
4301
4435
1950
3907
3334
2364
1219
386
2351
2567
1336
3386
443
1848
2115
359
1367
2782
1704
4575
2766
1919
1747
1549
4776
1462
1305
1998
4200
140
4383
2085
617
3460
2385
564
4817
3069
733
3968
2975
4690
3177
188
1820
4011
3024
2598
860
4897
2656
1408
2410
4558
1195
1065
3775
614
111
2332
3425
535
2919
150
4453
4590
2824
3497
3861
4279
1337
1249
511
4191
1425
3475
2648
1367
724
683
2993
2560
3710
4305
286
1204
1477
82
1068
2544
3975
2085
4206
2110
2119
3831
3336
4665
1175
4303
3973
2803
2244
746
2510
1645
440
1743
3690
3415
1573
3478
1451
3273
3781
4044
213
451
1547
316
4784
1607
1993
4248
2058
1317
2140
369
1608
2806
1104
3919
81
327
2809
4327
1011
3096
2873
1657
2335
4319
2762
4259
3397
2641
184
4101
1678
2295
1970
2149
1857
2350
4346
4745
1023
4702
598
3134
4072
4874
2628
2152
2331
4279
771
655
1486
2320
566
396
1712
1584
874
1961
3740
4454
4849
815
4249
4624
3788
3697
2599
2411
3827
412
3405
3210
1749
3506
872
4173
3956
3474
1133
4945
1756
4880
3046
4350
1710
4256
1043
984
1701
3691
647
2022
1785
4797
3248
962
3646
1131
1531
1660
3625
3215
744
2737
1930
4005
3634
3411
4578
4050
3449
3831
21
4583
4888
246
4246
3494
2246
2736
1293
3475
2301
754
800
3590
1667
4452
161
240
4451
2600
1345
730
1055
929
1238
2669
2857
2910
4608
31
345
3278
450
1965
3994
3113
516
3433
2800
3929
3277
2270
4922
1997
2460
584
3340
3099
1546
4250
1765
2007
4294
2859
2303
237
1465
3686
1543
60
372
2083
777
2327
1804
2295
4087
374
3172
1802
4844
2201
2410
4216
2021
3112
4313
173
2360
1258
4483
2890
3058
3832
1006
4812
2140
2218
288
4271
91
29
1252
1182
1642
3831
1215
3594
823
2291
2324
2344
535
665
4392
4139
4919
3815
3347
4168
3749
2372
4244
2714
2925
3338
4019
1324
3883
3084
1695
2802
2435
2723
2775
640
4066
2824
4936
2586
3248
1730
3945
4656
3657
4086
1926
1308
4505
3751
4712
4458
375
2967
1060
3662
3037
2503
3905
2132
3746
509
2678
3191
3425
988
954
4401
952
1130
335
1886
1496
192
4528
294
2475
1306
2024
4441
4253
1334
1682
1922
1123
2883
2749
1883
475
1664
4549
3697
4321
1674
1161
523
2472
76
2878
1569
772
3228
4146
3441
737
71
1981
119
3843
3923
4569
2956
4483
3829
1874
1588
312
1769
3584
3798
2302
2407
4676
2179
4313
2576
190
2929
3432
3345
3557
2199
2610
3372
1962
3226
1380
3185
2789
2895
3560
1218
2127
4480
2872
3680
4710
4047
3368
1819
4416
1420
1385
1721
630
2659
4516
3573
3363
4719
746
4225
4005
4332
2461
3946
3984
2185
523
540
413
141
2974
1330
1000
3602
1218
1101
135
3111
3737
1766
4045
3922
3476
2386
400
4616
48
1192
1517
761