7
3766
3188
4633
4926
148
3292
3166
3638
4039
4822
1025
1119
2500
777
494
4875
1720
1823
1008
4322
1214
398
2120
414
4519
172
3670
14
2234
2380
813
819
653
1999
2246
389
4441
2020
769
2013
4499
3318
1337
631
2672
734
2850
4051
2994
3035
1268
3035
4935
339
3054
3595
2509
2472
4577
1027
4169
439
4852
2794
2127
892
931
1362
1105
18
2310
3459
559
3755
2978
4083
1093
619
2103
1737
137
1717
1891
1017
3940
4710
3862
4698
2595
4583
2654
4865
2125
4102
4451
1509
2606
719
328
2196
3953
4538
3110
3126
1257
3654
4839
4880
4482
3809
574
678
2956
3868
3041
779
3312
2019
1596
3968
436
4996
3093
727
4564
3848
1483
2767
3850
4939
2398
119
632
3950
3570
4827
1136
3619
1633
4643
2535
2817
762
787
3134
377
3654
971
958
1756
535
2409
3134
230
2261
4445
3317
1813
4053
1793
1840
4502
2132
2071
3411
2784
1285
532
4938
2542
2417
364
1523
4648
270
3955
1732
2540
2769
3849
4019
63
4928
1895
4554
659
1843
1271
2807
2771
2056
3657
4907
3989
4515
2800
1216
3022
4404
1116
3544
4047
356
2806
4142
2402
2980
107
2945
3820
2114
3986
1528
1653
2980
1549
1893
2585
4242
4896
527
1365
3971
4969
3112
4000
2728
4197
2918
1647
1248
3357
1170
4195
3751
1163
612
3136
1485
4518
4108
2861
4938
3242
3326
2975
2095
364
3495
1564
4222
2737
3761
592
4920
1807
3876
4789
2605
894
1867
4432
1174
3179
3806
433
3305
3955
1024
1969
759
1365
1949
2751
1092
1977
219
1638
360
1074
2921
1982
1806
2460
2556
1530
963
3903
3859
1154
3348
2098
1678
989
1689
153
3910
1791
644
1189
3939
2436
3089
3545
93
1533
3364
1520
392
2076
4292
274
4261
2880
1417
4761
3949
4323
4656
79
2094
3575
4479
4685
3270
1056
1812
3246
1350
338
3088
2756
1236
3094
4247
3727
2822
3970
62
2881
2068
2472
2818
4797
3709
28
2277
2391
2438
408
1848
4931
4360
600
4050
2544
3149
2048
1692
2811
598
3878
4673
3089
4214
382
923
1665
74
4555
3848
1720
2420
2921
2522
4332
2375
4251
52
440
1708
1001
4735
1761
3819
2484
3100
2159
2946
2847
3470
3840
4169
4901
3419
2063
937
2728
4396
2758
3701
1776
1816
4561
2734
4851
4131
298
353
1004
4748
2858
2602
1828
1162
1766
2889
1076
1365
4460
202
3846
3391
460
2316
783
4852
2152
4832
899
463
2858
4974
3629
1832
1259
4815
1695
254
964
2040
1198
4854
240
2346
4103
173
4471
1381
958
4235
2906
405
3246
175
1677
3972
238
1775
1826
4544
4614
617
4332
3335
4377
112
3715
3655
807
4371
2825
2703
3275
2740
3850
24
1763
3816
4409
872
1830
961
2831
275
4595
4624
3378
3941
1016
287
214
26
397
4472
3369
1405
2567
56
841
1338
1629
1074
3220
1295
1530
1301
902
3298
4946
190
4064
340
2150
4114
2031
2303
587
492
1574
1344
3854
2053
2997
4893
686
3439
3539
1240
291
2334
4779
2205
116
2554
4207
4525
691
1855
1086
1385
4726
2750
3049
3042
4022
294
2607
532
3102
1593
1898
4306
2678
2827
4567
20
4187
655
607
1830
3698
1214
3363
4264
4398
1344
2682
2171
1743
3284
4347
4280
4094
860
3543
4644
4331
2085
4056
2599
4503
173
354
902
1048
2222
1432
3389
2480
2160
3587
2860
4757
2150
3836
1850
1705
4304
1754
3654
4002
2435
4916
3228
187
1592
1973
2600
2133
1266
2612
3017
178
1518
311
1349
4865
4729
1864
1190
2880
4321
2057
4712
4270
611
2819
4538
1533
2861
3366
849
3437
761
1584
2450
2769
2777
1955
1783
2293
3268
1832
2712
2333
4820
755
1448
1317
1986
1805
167
2537
2511
4712
4720
1137
2165
2521
2303
61
4502
2168
2154
2254
2218
4234
2113
3968
2310
3472
1365
372
2882
4446
4811
40
293
778
2276
4079
1304
2022
1219
3797
1034
4181
4676
2864
3816
3209
1931
823
509
635
2811
4713
2412
1616
2559
4252
3700
3309
2947
3763
1216
439
1675
527
2535
333
1129
4764
433
1507
4247
809
4303
3082
4584
2328
1579
1925
4680
1629
4949
445
1468
4205
3993
378
4773
4660
2873
1743
4935
4080
3905
1397
3187
1723
143
2228
3715
626
3583
2134
4253
2377
4269
1331
2664
791
4322
2446
194
2727
4917
98
3001
1581
3300
343
2111
290
1220
473
3178
799
568
1095
1290
1052
1578
372
2593
3505
3697
4558
3688
1070
4092
4705
1609
2162
3842
1507
1660
1227
2018
3786
2580
4723
3257
1039
3272
21
4904
1804
2840
1139
514
2342
770
479
2280
4274
1870
31
967
372
1054
3577
3073
4648
1089
3507
1202
1260
2221
1772
115
1521
983
4370
2519
4475
1519
2505
408
4085
1534
1205
4705
65
1291
2801
3029
4787
3141
3073
2611
508
748
2316
2829
4334
1504
1816
4312
2994
2638
3449
4311
499
1169
1197
870
4170
158
3387
1338
3391
3701
3374
3959
656
688
4191
4561
1110
2682
4439
3886
4892
4163
3285
4718
973
3992
2012
1763
2102
198
2966
1192
2731
1090
4133
861
431
4258
3798
1475
1459
1239
4932
3409
2560
4493
2996
3434
4031
4890
3826
365
3347
2037
175
3519
4373
1683
1217
2909
4293
3879
4068
315
3908
2764
4943
713
1885
3625
76
4077
4870
383
2964
3215
3117
1732
4774
4140
425
1979
4022
1453
2744
3050
4722
2356
1750
2201
4261
4203
3058
760
3204
1949
3525
2587
4049
3461
3250
2026
4756
2430
488
4839
488
517
1652
1951
3596
2470
4002
4921
2354
160
410
3675
3314
3876
3786
1425
449
1775
3391
3681
1448
1060
1256
2903
2608
2345
4372
2663
3796
1648
2141
156
3845
2644
3815
3511
4583
129
2304
639
3388
4122
3775
4273
4849
2678
1938
3485
1570
269
1747
154
2669
2556
4572
4823
835
2462
496
4896
59
1730
3556
4363
1339
1575
2174
3118
2703
598
4950
445
2882
2868
1283
1447
4841
3983
1999
2026
1159
2925
2266
2525
2946
2773
2616
2289
2578
3656
3797
2217
3048
1856
2544
4845
3119
4645
3054
1610
2817
1251
3135
4740
2983
1345
4537
1636
775
3569
3908
2709
17
2911
4233
4386
1243
2213
1323
2392
1148
4667
1162
1474
4883
943
1437
1475
2321
1501
4628
997
968
1717
379
3950
3679
4685
1709
963
3716
3942
2810
1962
2963
908
794
3235
1321
4536
4794
1942
1385
3526
3210
3344
2536
4445
3768
992
2456
2315
1260
2742
1930
3497
4519
722
500
4227
2191
1339
1162
1765
1360
1992
1856
3939
3925
4385
4912
1799
2915
283
2994
4197
4580
4056
1311
2402
2208
2633
1044
2235
4093
2302
2998
825
960
3363
3465
4788
2497
2808
1154
1535
3292
2035
4851
459
648
1131
1136
942
235
3360
111
4479
451
3367
4574
3749
2752
10
4505
2102
2890
4910
4034
2785
2172
538
2285
3181
3418
2143
2630
508
3219
864
1917
1681
493
1154
2172
1533
1080
4041
2133
145
4325
3784
4736
1859
152
4244
4296
399
4127
2612
3761
1672
3433
2205
2813
2990
3423
2702
2033
4878
2702
540
1596
4161
4215
4189
171
4750
931
3675
794
343
2055
1035
485
1352
4599
3339
4297
1464
334
2556
2305
2611
4831
1814
4743
587
3318
520
1166
2202
2550
1421
4017
3635
3763
929
434
3627
4045
4921
3486
4235
2122
800
267
1142
4663
2818
4452
4948
680
1526
4992
4416
4511
4746
560
2402
2142
1659
1299
78
1386
3414
158
96
3493
3194
824
4541
2327
806
2839
3901
2164
1676
2016
3743
1473
2600
654
1523
2823
1726
2390
1709
3166
3005
743
3446
4325
809
3528
1072
457
3481
2362
4130
2632
335
2435
4949
449
47
2540
3476
1752
4406
4137
816
4155
130
881
4836
993
2820
1603
3281
4792
1162
212
2081
3090
1136
375
3892
4687
4394
1092
4501
4001
1899
1517
2378
2225
3618
4417
4552
1424
2352
2739
4973
1513
4757
2591
4722
337
218
3814
1708
3679
3547
1028
1038
105
378
3651
818
4994
4741
2955
1980
3970
1540
2637
4669
3236
2564
1755
2819
2957
3218
111
2832
4967
3369
1349
1660
2508
4607
3082
4213
2661
2691
1347
4691
1391
3196
3561
1377
1846
176
4953
4430
3686
2179
3106
1458
4694
2076
3878
965
900
2021
4459
4311
2736
2268
726
2481
2508
2744
1384
4784
2614
4019
615
2576
4468
4773
4057
2270
71
932
4
3139
1528
2415
3639
1923
3573
1798
1970
2815
350
320
886
3187
270
302
3428
2327
1775
4487
4909
2535
3200
1791
1025
4161
1765
660
4449
3550
4915
568
3701
403
1828
4187
284
3769
3973
2404
1153
3735
978
1686
3621
3897
1942
3244
3687
2856
2529
1084
1599
1321
4865
1297
209
4866
271
2879
2257
1048
4356
979
2326
3360
4840
1686
2581
3468
4749
3410
3810
2269
2315
3426
4504
4583
3972
4423
899
1703
3356
4708
4951
603
2088
2294
194
3335
2435
2266
2322
47
2660
3647
2111
4070
2948
1514
2989
2749
3379
2241
4161
3040
271
4558
2713
1403
3622
1604
4513
3189
1058
4242
4053
2563
2877
3707
2601
4958
3326
2075
2158
215
189
2150
4754
850
3138
4096
2551
1336
1085
4552
4091
895
4920
32
753
4077
4624
115
165
275
3733
2319
4880
466
4514
4563
93
1636
4030
2824
3563
1774
4465
915
4176
859
710
1341
2811
938
4211
793
219
1298
4526
1206
1677
2689
3867
2231
2067
2772
126
3603
2840
3276
557
1188
4081
2807
1306
3391
471
2935
2478
222
4542
3926
4248
554
3989
490
1837
4026
2228
1978
820
2571
2577
741
4329
2801
1647
1800
213
4329
1568
1518
4080
648
3664
2715
3491
3371
3062
3566
4243
2458
4515
2638
1832
4596
4395
2639
4660
3995
2441
822
530
4721
4311
4454
4266
1130
2436
496
2044
3087
2967
4396
2178
442
841
3927
2650
1663
3117
127
2615
4627
2774
3670
3505
3297
1098
1486
107
2439
1640
23
3161
3576
2482
3319
2644
4106
1202
970
4834
2861
3503
3154
1707
4443
1951
2111
2981
1330
622
1842
4340
2099
4776
369
4990
1113
1849
1571
3713
4663
1150
1474
19
862
4677
1899
823
583
342
2513
3305
4311
1752
693
1286
93
382
2048
470
689
1630
3126
2375
3617
768
1588
2653
1044
3245
3119
1742
2356
1156
3416
4493
828
3939
2881
491
2009
1518
1059
3273
312
2189
2432
4542
1842
513
4909
3790
664
2363
2263
4440
2554
49
1767
4724
4786
151
3525
58
2654
283
3328
3580
3223
3508
1378
2853
4306
545
4889
3495
1738
235
3424
4606
844
2920
1772
1459
3385
4569
1333
2829
4414
1484
2266
3756
4152
1370
91
4248
3461
1421
2080
667
2518
2793
480
4060
1000
3529
1589
3752
4503
3553
1721
4864
895
825
3392
239
2034
2131
2388
472
591
265
3950
345
3724
1557
4021
994
17
3797
4320
4558
3380
4613
3058
1896
2602
4253
1260
4197
2839
4585
2987
949
630
2793
1227
4794
1946
3920
4877
3243
3370
926
1022
3098
4773
4392
657
693
2712
1305
128
4750
2399
3669
4810
3714
2237
2816
977
941
3840
4354
1364
3992
1963
1688
4700
3589
2954
2903
4327
3519
2186
1606
1104
4842
411
2001
968
1333
1155
2075
2905
2965
1055
1284
3572
619
2524
522
492
2898
3245
2502
1583
116
4779
4866
4727
1045
2994
1500
2267
4990
1123
4556
1569
97
2010
617
4289
3611
4494
4305
3523
926
4948
1377
4859
2901
3703
1015
4198
4870
2471
3588
2331
1186
2878
633
3485
944
2947
3192
232