4
7
10
14
17
17
18
19
20
21
23
24
26
28
31
32
40
47
47
49
52
56
58
59
61
62
63
65
71
74
76
78
79
91
93
93
93
96
97
98
105
107
107
111
111
112
115
115
116
116
119
126
127
128
129
130
137
143
145
148
151
152
153
154
156
158
158
160
165
167
171
172
173
173
175
175
176
178
187
189
190
194
194
198
202
209
212
213
214
215
218
219
219
222
230
232
235
235
238
239
240
254
265
267
269
270
270
271
271
274
275
275
283
283
284
287
290
291
293
294
298
302
311
312
315
320
328
333
334
335
337
338
339
340
342
343
343
345
350
353
354
356
360
364
364
365
369
372
372
372
375
377
378
378
379
382
382
383
389
392
397
398
399
403
405
408
408
410
411
414
425
431
433
433
434
436
439
439
440
442
445
445
449
449
451
457
459
460
463
466
470
471
472
473
479
480
485
488
488
490
491
492
492
493
494
496
496
499
500
508
508
509
513
514
517
520
522
527
527
530
532
532
535
538
540
545
554
557
559
560
568
568
574
583
587
587
591
592
598
598
600
603
607
611
612
615
617
617
619
619
622
626
630
631
632
633
635
639
644
648
648
653
654
655
656
657
659
660
664
667
678
680
686
688
689
691
693
693
710
713
719
722
726
727
734
741
743
748
753
755
759
760
761
762
768
769
770
775
777
778
779
783
787
791
793
794
794
799
800
806
807
809
809
813
816
818
819
820
822
823
823
824
825
825
828
835
841
841
844
849
850
859
860
861
862
864
870
872
881
886
892
894
895
895
899
899
900
902
902
908
915
923
926
926
929
931
931
932
937
938
941
942
943
944
949
958
958
960
961
963
963
964
965
967
968
968
970
971
973
977
978
979
983
989
992
993
994
997
1000
1001
1004
1008
1015
1016
1017
1022
1024
1025
1025
1027
1028
1034
1035
1038
1039
1044
1044
1045
1048
1048
1052
1054
1055
1056
1058
1059
1060
1070
1072
1074
1074
1076
1080
1084
1085
1086
1089
1090
1092
1092
1093
1095
1098
1104
1105
1110
1113
1116
1119
1123
1129
1130
1131
1136
1136
1136
1137
1139
1142
1148
1150
1153
1154
1154
1154
1155
1156
1159
1162
1162
1162
1162
1163
1166
1169
1170
1174
1186
1188
1189
1190
1192
1197
1198
1202
1202
1205
1206
1214
1214
1216
1216
1217
1219
1220
1227
1227
1236
1239
1240
1243
1248
1251
1256
1257
1259
1260
1260
1260
1266
1268
1271
1283
1284
1285
1286
1290
1291
1295
1297
1298
1299
1301
1304
1305
1306
1311
1317
1321
1321
1323
1330
1331
1333
1333
1336
1337
1338
1338
1339
1339
1341
1344
1344
1345
1347
1349
1349
1350
1352
1360
1362
1364
1365
1365
1365
1365
1370
1377
1377
1378
1381
1384
1385
1385
1386
1391
1397
1403
1405
1417
1421
1421
1424
1425
1432
1437
1447
1448
1448
1453
1458
1459
1459
1464
1468
1473
1474
1474
1475
1475
1483
1484
1485
1486
1500
1501
1504
1507
1507
1509
1513
1514
1517
1518
1518
1518
1519
1520
1521
1523
1523
1526
1528
1528
1530
1530
1533
1533
1533
1534
1535
1540
1549
1557
1564
1568
1569
1570
1571
1574
1575
1578
1579
1581
1583
1584
1588
1589
1592
1593
1596
1596
1599
1603
1604
1606
1609
1610
1616
1629
1629
1630
1633
1636
1636
1638
1640
1647
1647
1648
1652
1653
1659
1660
1660
1663
1665
1672
1675
1676
1677
1677
1678
1681
1683
1686
1686
1688
1689
1692
1695
1703
1705
1707
1708
1708
1709
1709
1717
1717
1720
1720
1721
1723
1726
1730
1732
1732
1737
1738
1742
1743
1743
1747
1750
1752
1752
1754
1755
1756
1761
1763
1763
1765
1765
1766
1767
1772
1772
1774
1775
1775
1775
1776
1783
1791
1791
1793
1798
1799
1800
1804
1805
1806
1807
1812
1813
1814
1816
1816
1823
1826
1828
1828
1830
1830
1832
1832
1832
1837
1840
1842
1842
1843
1846
1848
1849
1850
1855
1856
1856
1859
1864
1867
1870
1885
1891
1893
1895
1896
1898
1899
1899
1917
1923
1925
1930
1931
1938
1942
1942
1946
1949
1949
1951
1951
1955
1962
1963
1969
1970
1973
1977
1978
1979
1980
1982
1986
1992
1999
1999
2001
2009
2010
2012
2013
2016
2018
2019
2020
2021
2022
2026
2026
2031
2033
2034
2035
2037
2040
2044
2048
2048
2053
2055
2056
2057
2063
2067
2068
2071
2075
2075
2076
2076
2080
2081
2085
2088
2094
2095
2098
2099
2102
2102
2103
2111
2111
2111
2113
2114
2120
2122
2125
2127
2131
2132
2133
2133
2134
2141
2142
2143
2150
2150
2150
2152
2154
2158
2159
2160
2162
2164
2165
2168
2171
2172
2172
2174
2178
2179
2186
2189
2191
2196
2201
2202
2205
2205
2208
2213
2217
2218
2221
2222
2225
2228
2228
2231
2234
2235
2237
2241
2246
2254
2257
2261
2263
2266
2266
2266
2267
2268
2269
2270
2276
2277
2280
2285
2289
2293
2294
2302
2303
2303
2304
2305
2310
2310
2315
2315
2316
2316
2319
2321
2322
2326
2327
2327
2328
2331
2333
2334
2342
2345
2346
2352
2354
2356
2356
2362
2363
2375
2375
2377
2378
2380
2388
2390
2391
2392
2398
2399
2402
2402
2402
2404
2409
2412
2415
2417
2420
2430
2432
2435
2435
2435
2436
2436
2438
2439
2441
2446
2450
2456
2458
2460
2462
2470
2471
2472
2472
2478
2480
2481
2482
2484
2497
2500
2502
2505
2508
2508
2509
2511
2513
2518
2519
2521
2522
2524
2525
2529
2535
2535
2535
2536
2537
2540
2540
2542
2544
2544
2550
2551
2554
2554
2556
2556
2556
2559
2560
2563
2564
2567
2571
2576
2577
2578
2580
2581
2585
2587
2591
2593
2595
2599
2600
2600
2601
2602
2602
2605
2606
2607
2608
2611
2611
2612
2612
2614
2615
2616
2630
2632
2633
2637
2638
2638
2639
2644
2644
2650
2653
2654
2654
2660
2661
2663
2664
2669
2672
2678
2678
2682
2682
2689
2691
2702
2702
2703
2703
2709
2712
2712
2713
2715
2727
2728
2728
2731
2734
2736
2737
2739
2740
2742
2744
2744
2749
2750
2751
2752
2756
2758
2764
2767
2769
2769
2771
2772
2773
2774
2777
2784
2785
2793
2793
2794
2800
2801
2801
2806
2807
2807
2808
2810
2811
2811
2811
2813
2815
2816
2817
2817
2818
2818
2819
2819
2820
2822
2823
2824
2825
2827
2829
2829
2831
2832
2839
2839
2840
2840
2847
2850
2853
2856
2858
2858
2860
2861
2861
2861
2864
2868
2873
2877
2878
2879
2880
2880
2881
2881
2882
2882
2889
2890
2898
2901
2903
2903
2905
2906
2909
2911
2915
2918
2920
2921
2921
2925
2935
2945
2946
2946
2947
2947
2948
2954
2955
2956
2957
2963
2964
2965
2966
2967
2975
2978
2980
2980
2981
2983
2987
2989
2990
2994
2994
2994
2994
2996
2997
2998
3001
3005
3017
3022
3029
3035
3035
3040
3041
3042
3048
3049
3050
3054
3054
3058
3058
3062
3073
3073
3082
3082
3087
3088
3089
3089
3090
3093
3094
3098
3100
3102
3106
3110
3112
3117
3117
3118
3119
3119
3126
3126
3134
3134
3135
3136
3138
3139
3141
3149
3154
3161
3166
3166
3178
3179
3181
3187
3187
3188
3189
3192
3194
3196
3200
3204
3209
3210
3215
3218
3219
3220
3223
3228
3235
3236
3242
3243
3244
3245
3245
3246
3246
3250
3257
3268
3270
3272
3273
3275
3276
3281
3284
3285
3292
3292
3297
3298
3300
3305
3305
3309
3312
3314
3317
3318
3318
3319
3326
3326
3328
3335
3335
3339
3344
3347
3348
3356
3357
3360
3360
3363
3363
3364
3366
3367
3369
3369
3370
3371
3374
3378
3379
3380
3385
3387
3388
3389
3391
3391
3391
3391
3392
3409
3410
3411
3414
3416
3418
3419
3423
3424
3426
3428
3433
3434
3437
3439
3446
3449
3459
3461
3461
3465
3468
3470
3472
3476
3481
3485
3485
3486
3491
3493
3495
3495
3497
3503
3505
3505
3507
3508
3511
3519
3519
3523
3525
3525
3526
3528
3529
3539
3543
3544
3545
3547
3550
3553
3556
3561
3563
3566
3569
3570
3572
3573
3575
3576
3577
3580
3583
3587
3588
3589
3595
3596
3603
3611
3617
3618
3619
3621
3622
3625
3627
3629
3635
3638
3639
3647
3651
3654
3654
3654
3655
3656
3657
3664
3669
3670
3670
3675
3675
3679
3679
3681
3686
3687
3688
3697
3698
3700
3701
3701
3701
3703
3707
3709
3713
3714
3715
3715
3716
3724
3727
3733
3735
3743
3749
3751
3752
3755
3756
3761
3761
3763
3763
3766
3768
3769
3775
3784
3786
3786
3790
3796
3797
3797
3797
3798
3806
3809
3810
3814
3815
3816
3816
3819
3820
3826
3836
3840
3840
3842
3845
3846
3848
3848
3849
3850
3850
3854
3859
3862
3867
3868
3876
3876
3878
3878
3879
3886
3892
3897
3901
3903
3905
3908
3908
3910
3920
3925
3926
3927
3939
3939
3939
3940
3941
3942
3949
3950
3950
3950
3953
3955
3955
3959
3968
3968
3970
3970
3971
3972
3972
3973
3983
3986
3989
3989
3992
3992
3993
3995
4000
4001
4002
4002
4017
4019
4019
4021
4022
4022
4026
4030
4031
4034
4039
4041
4045
4047
4049
4050
4051
4053
4053
4056
4056
4057
4060
4064
4068
4070
4077
4077
4079
4080
4080
4081
4083
4085
4091
4092
4093
4094
4096
4102
4103
4106
4108
4114
4122
4127
4130
4131
4133
4137
4140
4142
4152
4155
4161
4161
4161
4163
4169
4169
4170
4176
4181
4187
4187
4189
4191
4195
4197
4197
4197
4198
4203
4205
4207
4211
4213
4214
4215
4222
4227
4233
4234
4235
4235
4242
4242
4243
4244
4247
4247
4248
4248
4251
4252
4253
4253
4258
4261
4261
4264
4266
4269
4270
4273
4274
4280
4289
4292
4293
4296
4297
4303
4304
4305
4306
4306
4311
4311
4311
4311
4312
4320
4321
4322
4322
4323
4325
4325
4327
4329
4329
4331
4332
4332
4334
4340
4347
4354
4356
4360
4363
4370
4371
4372
4373
4377
4385
4386
4392
4394
4395
4396
4396
4398
4404
4406
4409
4414
4416
4417
4423
4430
4432
4439
4440
4441
4443
4445
4445
4446
4449
4451
4452
4454
4459
4460
4465
4468
4471
4472
4475
4479
4479
4482
4487
4493
4493
4494
4499
4501
4502
4502
4503
4503
4504
4505
4511
4513
4514
4515
4515
4518
4519
4519
4525
4526
4536
4537
4538
4538
4541
4542
4542
4544
4552
4552
4554
4555
4556
4558
4558
4558
4561
4561
4563
4564
4567
4569
4572
4574
4577
4580
4583
4583
4583
4584
4585
4595
4596
4599
4606
4607
4613
4614
4624
4624
4627
4628
4633
4643
4644
4645
4648
4648
4656
4660
4660
4663
4663
4667
4669
4673
4676
4677
4680
4685
4685
4687
4691
4694
4698
4700
4705
4705
4708
4710
4712
4712
4713
4718
4720
4721
4722
4722
4723
4724
4726
4727
4729
4735
4736
4740
4741
4743
4746
4748
4749
4750
4750
4754
4756
4757
4757
4761
4764
4773
4773
4773
4774
4776
4779
4779
4784
4786
4787
4788
4789
4792
4794
4794
4797
4810
4811
4815
4820
4822
4823
4827
4831
4832
4834
4836
4839
4839
4840
4841
4842
4845
4849
4851
4851
4852
4852
4854
4859
4864
4865
4865
4865
4866
4866
4870
4870
4875
4877
4878
4880
4880
4883
4889
4890
4892
4893
4896
4896
4901
4904
4907
4909
4909
4910
4912
4915
4916
4917
4920
4920
4921
4921
4926
4928
4931
4932
4935
4935
4938
4938
4939
4943
4946
4948
4948
4949
4949
4950
4951
4953
4958
4967
4969
4973
4974
4990
4990
4992
4994
4996
